1.000000000000000000e+09
1.020000000000000000e+09
1.060000000000000000e+09
1.080000000000000000e+09
1.040000000000000000e+09
1.100000000000000000e+09
1.120000000000000000e+09
1.140000000000000000e+09
1.160000000000000000e+09
1.180000000000000000e+09
1.380000000000000000e+09
1.600000000000000000e+09
1.700000000000000000e+09
1.480000000000000000e+09
1.800000000000000000e+09
1.260000000000000000e+09
1.580000000000000000e+09
1.900000000000000000e+09
1.820000000000000000e+09
1.360000000000000000e+09
1.680000000000000000e+09
2.000000000000000000e+09
1.460000000000000000e+09
1.780000000000000000e+09
1.240000000000000000e+09
1.560000000000000000e+09
1.880000000000000000e+09
1.340000000000000000e+09
1.660000000000000000e+09
1.980000000000000000e+09
1.920000000000000000e+09
1.440000000000000000e+09
1.760000000000000000e+09
1.220000000000000000e+09
1.540000000000000000e+09
1.860000000000000000e+09
1.320000000000000000e+09
1.640000000000000000e+09
1.960000000000000000e+09
1.280000000000000000e+09
1.420000000000000000e+09
1.740000000000000000e+09
1.200000000000000000e+09
1.520000000000000000e+09
1.840000000000000000e+09
1.300000000000000000e+09
1.620000000000000000e+09
1.940000000000000000e+09
1.400000000000000000e+09
1.720000000000000000e+09
1.500000000000000000e+09
