0.000000000000000000e+00
1.999999997714666522e+00
3.999999995429333044e+00
5.999999993143999788e+00
7.999999990858666088e+00
9.999999988573334164e+00
1.199999998628799958e+01
1.399999998400266854e+01
1.599999998171733218e+01
1.799999997943200114e+01
1.999999997714666833e+01
2.199999997486133196e+01
2.399999997257599915e+01
2.600000002758644513e+01
2.800000002530111232e+01
3.000000002301578306e+01
3.200000002073044669e+01
3.400000001844511388e+01
3.600000001615978107e+01
3.800000001387444826e+01
4.000000001158911545e+01
4.200000000930378263e+01
4.400000000701844272e+01
4.600000000473311701e+01
4.800000000244777709e+01
5.000000000016245139e+01
5.199999999787711857e+01
5.199999999787711147e+01
5.399999999559177866e+01
5.399999999559177155e+01
5.599999999330645295e+01
5.599999999330644584e+01
5.799999999102110593e+01
5.999999998873578022e+01
6.199999998645045451e+01
6.199999998645044030e+01
6.399999998416510749e+01
6.599999998187979600e+01
6.599999998187976757e+01
6.799999997959444897e+01
6.999999997730911616e+01
6.999999997730910195e+01
7.199999997502378335e+01
7.400000003003421511e+01
7.400000003003422933e+01
7.600000002774889651e+01
7.800000002546356370e+01
7.800000002546354949e+01
8.000000002317823089e+01
8.200000002089289808e+01
8.400000001860756527e+01
8.600000001632223245e+01
8.600000001632221824e+01
8.800000001403688543e+01
9.000000001175156683e+01
9.200000000946623402e+01
9.400000000718090121e+01
9.400000000718088700e+01
9.600000000489555418e+01
9.800000000261022137e+01
9.800000000261020716e+01
1.000000000003249028e+02
1.019999999980395700e+02
1.039999999957542371e+02
1.039999999957542229e+02
1.059999999934688901e+02
1.079999999911835573e+02
1.079999999911835431e+02
1.099999999888982387e+02
1.119999999866129059e+02
1.119999999866128917e+02
1.139999999843275589e+02
1.159999999820422119e+02
1.179999999797569075e+02
1.179999999797568790e+02
1.199999999774715604e+02
1.219999999751862276e+02
1.240000000301966736e+02
1.240000000301966878e+02
1.260000000279113550e+02
1.280000000256260080e+02
1.300000000233406752e+02
1.320000000210553424e+02
1.340000000187700095e+02
1.360000000164846767e+02
1.380000000141993155e+02
1.380000000141993723e+02
1.400000000119140111e+02
1.420000000096286783e+02
1.440000000073433455e+02
1.460000000050579843e+02
1.460000000050580411e+02
1.480000000027726799e+02
1.500000000004873471e+02
1.519999999982020142e+02
1.539999999959166530e+02
1.539999999959167098e+02
1.559999999936313486e+02
1.579999999913460158e+02
1.599999999890606830e+02
1.619999999867753502e+02
1.639999999844899889e+02
1.659999999822046561e+02
1.679999999799193517e+02
1.679999999799193802e+02
1.699999999776340189e+02
1.719999999753486861e+02
1.740000000303591037e+02
1.760000000280737709e+02
1.780000000257884949e+02
1.780000000257884381e+02
